len mispredictions_random_ivybridge
10 0.00
20 4.00
30 3.33
40 4.50
50 5.19
60 6.33
70 6.56
80 6.99
90 7.77
100 7.79
110 8.35
120 9.65
130 9.98
140 11.12
150 11.45
160 12.35
170 12.92
180 13.97
190 14.60
200 14.57
210 15.01
220 15.15
230 15.53
240 15.46
250 15.88
260 16.19
270 16.33
280 16.60
290 16.58
300 16.76
310 17.05
320 17.46
330 17.41
340 17.54
350 17.84
360 17.90
370 18.06
380 18.16
390 18.36
400 18.45
410 18.54
420 18.43
430 18.51
440 18.54
450 18.62
460 18.69
470 18.84
480 19.03
490 19.09
500 19.15
510 19.20
520 19.22
530 19.23
540 19.28
550 19.33
560 19.31
570 19.28
580 19.29
590 19.34
600 19.38
610 19.36
620 19.30
630 19.31
640 19.39
650 19.39
660 19.40
670 19.41
680 19.45
690 19.45
700 19.52
710 19.52
720 19.53
730 19.56
740 19.54
750 19.60
760 19.58
770 19.58
780 19.59
790 19.59
800 19.60
810 19.65
820 19.65
830 19.66
840 19.71
850 19.71
860 19.71
870 19.72
880 19.72
890 19.72
900 19.68
910 19.70
920 19.71
930 19.71
940 19.73
950 19.76
960 19.76
970 19.76
980 19.74
990 19.74
1000 19.75
1010 19.75
1020 19.75
1030 19.75
1040 19.74
1050 19.74
1060 19.74
1070 19.74
1080 19.74
1090 19.74
1100 19.75
1110 19.75
1120 19.75
1130 19.75
1140 19.75
1150 19.75
1160 19.76
1170 19.76
1180 19.74
1190 19.74
1200 19.73
1210 19.74
1220 19.74
1230 19.75
1240 19.76
1250 19.76
1260 19.76
1270 19.78
1280 19.78
1290 19.78
1300 19.78
1310 19.78
1320 19.78
1330 19.78
1340 19.77
1350 19.77
1360 19.77
1370 19.79
1380 19.79
1390 19.79
1400 19.79
1410 19.79
1420 19.79
1430 19.79
1440 19.81
1450 19.82
1460 19.82
1470 19.82
1480 19.83
1490 19.82
1500 19.82
1510 19.81
1520 19.81
1530 19.81
1540 19.81
1550 19.81
1560 19.81
1570 19.81
1580 19.81
1590 19.81
1600 19.81
1610 19.81
1620 19.81
1630 19.82
1640 19.82
1650 19.82
1660 19.83
1670 19.83
1680 19.83
1690 19.83
1700 19.83
1710 19.83
1720 19.83
1730 19.83
1740 19.84
1750 19.84
1760 19.84
1770 19.84
1780 19.84
1790 19.84
1800 19.84
1810 19.84
1820 19.84
1830 19.84
1840 19.84
1850 19.84
1860 19.84
1870 19.84
1880 19.84
1890 19.84
1900 19.84
1910 19.85
1920 19.85
1930 19.85
1940 19.85
1950 19.85
1960 19.86
1970 19.86
1980 19.86
1990 19.86
2000 19.86
2010 19.86
2020 19.86
2030 19.86
2040 19.86
