code difference 
8938 -0.018457
9828 0.043373
10718 0.000641
11608 0.032615
12498 0.037457
13388 0.044643
14278 0.057071
15168 -0.020481
16058 0.035900
16948 -0.001558
17838 -0.005385
18728 0.001669
19618 -0.061100
20508 0.024807
22288 0.003905
23178 0.016108
24068 0.024369
24958 0.009190
25848 0.038407
26738 0.008713
27628 0.011156
28518 0.020056
29408 -0.009713
30298 -0.004563
31188 0.034607
32078 0.004340
32968 0.020005
33858 0.018772
34748 0.004197
35638 -0.013659
36528 -0.010877
37418 -0.024099
38308 -0.000833
39198 0.007307
40088 -0.008050
40978 -0.011519
41868 0.016221
42758 -0.003181
43648 -0.000323
44538 0.009590
45428 -0.020328
46318 -0.017694
47208 -0.039227
48098 -0.028323
48988 -0.007445
49878 -0.022584
50768 -0.006217
51658 -0.003975
52548 -0.011481
53438 -0.014185
54328 -0.025486
55218 -0.002554
56108 -0.013496
56998 -0.022698
57888 -0.017883
58778 -0.043268
59668 0.009098
60558 -0.001063
61448 0.005523
62338 -0.007876
63228 -0.000334
64118 0.002051
65008 0.010818
65898 -0.018605
66788 0.004788
67678 -0.023904
68568 0.000722
69458 -0.044081
70348 0.000073
71238 -0.017782
72128 -0.042567
73018 -0.031785
73908 -0.022603
74798 -0.002658
75688 -0.022262
76578 0.000754
77468 -0.008133
78358 0.003654
79248 -0.010622
80138 0.002078
81028 0.004839
81918 -0.005848
82808 -0.008995
83698 -0.020256
84588 -0.009149
85478 -0.032648
86368 -0.009610
87258 -0.021282
88148 -0.028496
89038 -0.013688
89928 -0.024916
90818 -0.008977
91708 -0.036518
92598 -0.024627
93488 -0.027027
94378 0.001283
95268 -0.001928
96158 -0.024426
97048 0.001328
97938 -0.030685
98828 -0.041230
99718 -0.037196
100608 -0.004605
101498 -0.017932
102388 0.006658
103278 -0.001192
104168 -0.040977
105058 -0.032417
105948 -0.027874
106838 -0.020144
107728 -0.015114
108618 -0.018261
109508 -0.010796
110398 0.006281
111288 -0.022894
112178 0.009689
113068 -0.014443
113958 -0.014708
114848 -0.008393
115738 -0.012703
116628 0.006025
117518 -0.032517
118408 -0.017528
119298 -0.018636
120188 -0.031240
121078 0.024737
121968 -0.040569
122858 -0.045424
123748 -0.034156
124638 -0.047855
125528 -0.010721
126418 0.011863
127308 -0.013555
128198 -0.018081
129088 -0.027554
129978 -0.030343
130868 -0.030135
131758 -0.038872
132648 0.000108
133538 -0.023389
134428 -0.024363
135318 -0.023104
136208 -0.049323
137098 -0.012854
137988 -0.023649
138878 -0.036010
139768 0.003699
140658 -0.022438
141548 -0.038712
142438 -0.032289
143328 -0.036659
144218 -0.044414
145108 -0.047949
145998 -0.044465
146888 -0.071560
147778 -0.027683
148668 -0.070338
149558 -0.046627
150448 -0.041738
151338 -0.062413
152228 -0.051088
153118 -0.055069
154008 -0.053926
154898 -0.064953
155788 -0.055991
156678 -0.068333
157568 -0.076659
158458 -0.004552
159348 -0.104147
160238 -0.101426
161128 -0.102442
162018 -0.081829
162908 -0.082583
163798 -0.072572
164688 -0.100073
165578 -0.104588
166468 -0.097438
167358 -0.036699
168248 -0.095244
169138 -0.112338
170028 -0.094408
170918 -0.113787
171808 -0.076001
172698 -0.083256
173588 -0.063060
174478 -0.082631
175368 -0.015914
176258 -0.051904
177148 -0.059467
178038 -0.016450
178928 -0.033680
179818 -0.100863
180708 -0.028921
181598 -0.011214
182488 -0.023289
183378 0.016009
184268 0.004951
185158 -0.001191
186048 -0.037857
186938 0.009361
187828 0.021874
188718 0.018183
189608 0.008055
190498 -0.011727
191388 -0.026184
192278 -0.077554
193168 0.022437
194058 -0.057620
194948 -0.050636
195838 -0.039305
196728 -0.059620
197618 -0.091871
198508 -0.095965
199398 -0.063772
200288 -0.095305
201178 -0.041917
202068 -0.066055
202958 -0.047261
203848 -0.046506
204738 -0.049520
205628 -0.011724
206518 -0.025842
207408 -0.006598
208298 -0.005057
209188 -0.008682
210078 -0.011078
210968 0.038100
211858 0.004670
212748 0.033101
213638 0.036689
214528 0.004389
215418 0.044567
216308 0.025084
217198 0.026868
218088 0.037603
218978 0.023884
219868 -0.031215
220758 -0.001929
221648 0.001393
222538 0.015407
223428 -0.003734
224318 -0.057409
225208 0.002190
226098 0.022919
226988 0.004705
227878 0.010054
228768 -0.026531
229658 0.035476
230548 0.029945
231438 -0.013696
232328 0.001324
233218 -0.019681
234108 0.006948
234998 0.002151
235888 0.003322
236778 0.015820
237668 -0.049962
238558 -0.002339
239448 0.011832
240338 -0.021367
241228 0.010313
242118 -0.023311
243008 0.042322
243898 -0.011488
244788 -0.029135
245678 0.005465
246568 -0.003269
247458 0.004031
248348 0.010669
249238 0.022196
250128 0.033757
251018 0.001196
251908 -0.001981
252798 0.005181
253688 0.022675
254578 -0.011651
255468 -0.014586
256358 0.008892
257248 0.002239
258138 -0.002255
259028 0.004866
259918 -0.008015
260808 0.009848
261698 0.013633
262588 -0.001879
263478 0.006492
264368 -0.000566
265258 0.007488
266148 0.005495
267038 0.018043
267928 0.017353
268818 -0.000244
269708 0.020578
270598 0.030556
271488 0.007077
272378 0.010996
273268 0.004774
274158 0.005077
275048 0.011966
275938 -0.002821
276828 0.005792
277718 0.017931
278608 0.022059
279498 0.003921
280388 -0.009059
281278 -0.007603
282168 0.028847
283058 0.028492
283948 0.035591
284838 0.033464
285728 0.001330
286618 -0.028025
287508 -0.011041
288398 0.012999
289288 -0.002324
290178 -0.002175
291068 -0.016837
291958 -0.025679
292848 -0.028390
293738 -0.003183
294628 -0.006558
295518 -0.013723
296408 -0.016615
297298 -0.036860
298188 -0.025507
299078 -0.028795
299968 0.001367
300858 -0.013444
301748 -0.017265
302638 -0.004845
303528 -0.043485
304418 -0.021835
305308 -0.025308
306198 0.001693
307088 -0.037281
307978 -0.051593
308868 -0.047992
309758 -0.012439
310648 -0.010349
311538 -0.074490
312428 -0.042294
313318 -0.030066
314208 -0.026924
315098 -0.028249
315988 -0.021293
316878 -0.003623
317768 -0.027783
318658 -0.013217
319548 -0.018632
320438 -0.020972
321328 -0.000191
322218 -0.052757
323108 -0.035628
323998 -0.021795
324888 -0.021798
325778 -0.051728
326668 -0.018082
327558 -0.004213
328448 -0.021792
329338 -0.029819
330228 -0.007552
331118 -0.023220
332008 0.000056
332898 -0.013095
333788 -0.005916
334678 -0.017594
335568 -0.020232
336458 0.004904
337348 -0.060217
338238 -0.030086
339128 -0.013737
340018 -0.014061
340908 -0.011087
341798 -0.031863
342688 -0.031427
343578 -0.002567
344468 -0.030875
345358 -0.017338
346248 -0.009588
347138 -0.046776
348028 -0.032220
348918 -0.027374
349808 -0.034579
350698 -0.052056
351588 -0.031274
352478 -0.028413
353368 -0.032898
354258 -0.037529
355148 -0.008326
356038 -0.011090
356928 -0.036044
357818 -0.035179
358708 -0.000612
359598 -0.007333
360488 -0.026649
361378 -0.016493
362268 -0.043092
363158 -0.024828
364048 -0.020639
364938 -0.018838
365828 -0.034900
366718 -0.033224
367608 -0.053834
368498 -0.044640
369388 -0.019788
370278 -0.021266
371168 -0.016513
372058 0.009764
372948 0.000090
373838 -0.016022
374728 -0.023507
375618 -0.007217
376508 -0.030305
377398 -0.003085
378288 -0.023279
379178 -0.006385
380068 -0.000568
380958 -0.000832
381848 -0.023833
382738 -0.021023
383628 -0.009239
384518 0.001079
386298 -0.057884
387188 -0.026760
388078 -0.026050
388968 -0.029037
389858 -0.005682
390748 -0.023621
391638 -0.035384
392528 -0.012134
393418 -0.013724
394308 -0.022454
395198 -0.053871
396088 -0.046867
396978 -0.029964
397868 -0.023133
398758 -0.003275
399648 -0.025774
400538 -0.018319
401428 -0.021588
402318 -0.092138
403208 -0.015172
404098 -0.001717
404988 -0.019405
405878 -0.004014
406768 0.000525
407658 -0.015757
408548 -0.018400
409438 -0.020453
410328 -0.023440
411218 -0.009366
412108 -0.003430
412998 -0.023230
413888 -0.034378
414778 -0.025970
415668 -0.028494
416558 -0.022318
417448 -0.042206
418338 -0.027126
419228 -0.026300
420118 -0.042229
421008 -0.033461
421898 -0.016047
422788 -0.052643
423678 -0.041080
424568 -0.064068
425458 -0.028529
426348 -0.023187
427238 -0.039650
428128 -0.039337
429018 -0.046736
429908 -0.013572
430798 -0.035841
431688 -0.026055
432578 -0.014954
433468 -0.034910
434358 -0.040750
435248 -0.029063
436138 -0.022111
437028 -0.027274
437918 -0.018592
438808 -0.023716
439698 -0.044040
440588 -0.035717
441478 -0.038907
442368 -0.059278
443258 -0.018327
444148 -0.008941
445038 -0.011896
445928 -0.042080
446818 -0.032719
447708 -0.029104
448598 -0.019963
449488 -0.021406
450378 -0.031337
451268 -0.060528
452158 -0.028863
453048 -0.017046
453938 -0.035935
454828 -0.020239
455718 -0.019499
456608 -0.020712
457498 -0.031810
458388 0.003840
459278 -0.003716
460168 -0.027604
461058 -0.042897
461948 -0.014085
462838 -0.020784
463728 0.005790
464618 -0.013732
465508 -0.021880
466398 -0.018971
467288 0.001446
468178 -0.021397
469068 -0.015423
469958 -0.040181
470848 -0.040818
471738 -0.020525
472628 -0.018042
473518 -0.018126
474408 -0.024519
475298 0.010609
476188 -0.022264
477078 -0.052684
477968 0.008141
478858 -0.066774
479748 -0.036859
480638 -0.021974
481528 -0.030592
482418 -0.196496
483308 -0.010817
484198 -0.048338
485088 -0.013179
485978 -0.019395
486868 -0.019742
487758 -0.055632
488648 -0.032270
489538 -0.032182
490428 -0.030221
491318 -0.009073
492208 0.001101
493098 -0.035110
493988 -0.007137
494878 -0.007799
495768 -0.013963
496658 -0.037657
497548 -0.012704
498438 -0.004297
499328 -0.000877
500218 0.007685
501108 0.035922
501998 0.016089
502888 0.114044
503778 0.013639
504668 0.004624
505558 0.004338
506448 0.019305
507338 -0.099715
508228 -0.028405
509118 -0.006645
510008 -0.011938
510898 0.007609
511788 -0.009730
512678 -0.032194
513568 -0.026126
514458 -0.049857
515348 -0.019707
516238 0.002929
517128 -0.018976
518018 -0.022906
518908 -0.008626
519798 -0.010101
521578 -0.025296
522468 -0.026143
523358 0.012839
524248 0.011002
525138 0.005837
526028 -0.000355
526918 0.026216
527808 0.021297
528698 0.041733
529588 0.037870
530478 0.049284
531368 0.044789
532258 0.041469
533148 0.070685
534038 0.061346
534928 0.101521
535818 0.104027
536708 0.122357
537598 0.119875
538488 0.108206
539378 0.136191
540268 0.122215
541158 0.140091
542048 0.146146
542938 0.168586
543828 0.170955
544718 0.170559
545608 0.184693
546498 0.188027
547388 0.202430
548278 0.189305
549168 0.216695
550058 0.211752
550948 0.222851
551838 0.238911
552728 0.252438
553618 0.246173
554508 0.234848
555398 0.246917
556288 0.275236
557178 0.238068
558068 0.293325
558958 0.276941
559848 0.312093
560738 0.297757
561628 0.260130
562518 0.302979
563408 0.333252
564298 0.352639
565188 0.073195
566078 0.323595
566968 0.344311
567858 0.379977
568748 0.384430
569638 0.395886
570528 0.385256
571418 0.390141
572308 0.408798
573198 0.415432
574088 0.409132
574978 0.411575
575868 0.441980
576758 0.447879
577648 0.451505
578538 0.426317
579428 0.454203
580318 0.440416
581208 0.479616
582098 0.467687
582988 0.459502
583878 0.474944
584768 0.465739
585658 0.505267
586548 0.479778
587438 0.508288
588328 0.524693
589218 0.539639
590108 0.531825
591888 0.537625
592778 0.571257
593668 0.554203
594558 0.568373
595448 0.593652
596338 0.601516
597228 0.596009
598118 0.602894
599008 0.597307
599898 0.594761
600788 0.636253
601678 0.623796
602568 0.607468
603458 0.595027
604348 0.625264
606128 0.665752
607018 0.655895
607908 0.641051
608798 0.702591
609688 0.689983
610578 0.681022
611468 0.689082
612358 0.679993
613248 0.713215
614138 0.731685
615028 0.721146
615918 0.688738
616808 0.708163
617698 0.732223
618588 0.742904
619478 0.742176
620368 0.740332
621258 0.758898
622148 0.762685
623038 0.763523
623928 0.733184
624818 0.762226
625708 0.849463
626598 0.807184
627488 0.805038
628378 0.802124
629268 0.799190
630158 0.806498
631048 0.820234
631938 0.810393
632828 0.805110
633718 0.849546
634608 0.848594
635498 0.831350
636388 0.853072
637278 0.873381
638168 0.864150
639058 0.892410
639948 0.848699
640838 0.877028
641728 0.880494
642618 0.904462
643508 0.910067
644398 0.914664
645288 0.892394
646178 0.926632
647068 0.924550
647958 0.910296
648848 0.939372
649738 0.947812
650628 0.961827
652408 0.931581
653298 0.960761
654188 0.971776
655078 0.977119
655968 0.966695
656858 0.959313
657748 0.973034
658638 1.002860
659528 1.001544
660418 1.015815
661308 0.999599
662198 1.019706
663088 1.026031
663978 1.003519
664868 1.021597
665758 1.016373
666648 1.051391
667538 1.057727
668428 1.040577
669318 1.039097
670208 1.067700
671098 1.066891
671988 1.065575
672878 1.081816
673768 1.063466
674658 1.083943
675548 1.087034
676438 1.073480
677328 1.077255
678218 1.111052
679108 1.105177
679998 1.080622
680888 1.111446
681778 1.134051
682668 1.143081
683558 1.154993
684448 1.138306
685338 1.147920
686228 1.158396
687118 1.148490
688008 1.169358
688898 1.156078
689788 1.170531
691568 1.182591
692458 1.188334
693348 1.177040
694238 1.211759
695128 1.167370
696018 1.202873
696908 1.219151
697798 1.219872
698688 1.200527
699578 1.230202
700468 1.211775
701358 1.220769
702248 1.250786
703138 1.217860
704028 1.248417
704918 1.264832
705808 1.264335
706698 1.249009
707588 1.280209
708478 1.283548
709368 1.250561
710258 1.236864
711148 1.265246
712038 1.273565
712928 1.279448
713818 1.288620
714708 1.277840
715598 1.318587
716488 1.307303
717378 1.326906
718268 1.321384
719158 1.337738
720048 1.340823
720938 1.344811
721828 1.331063
722718 1.351782
723608 1.353808
724498 1.376919
725388 1.358840
726278 1.335217
727168 1.326494
728058 1.362482
728948 1.399847
729838 1.370002
730728 1.370381
731618 1.388919
732508 1.394256
733398 1.392172
734288 1.361469
735178 1.380101
736068 1.431252
736958 1.399090
737848 1.418248
738738 1.430259
739628 1.416811
740518 1.440776
741408 1.448254
742298 1.432495
743188 1.464676
744078 1.455292
744968 1.460763
745858 1.463563
746748 1.464748
747638 1.478229
748528 1.467811
749418 1.473798
750308 1.492056
751198 1.462463
752088 1.463360
752978 1.485376
753868 1.484383
754758 1.483655
755648 1.499471
757428 1.497607
758318 1.504331
759208 1.507490
760098 1.520299
760988 1.519828
761878 1.524280
762768 1.532018
763658 1.524335
764548 1.511971
765438 1.553796
766328 1.566144
767218 1.557474
768108 1.571093
768998 1.570989
769888 1.545094
770778 1.568152
771668 1.575062
772558 1.540305
773448 1.589667
774338 1.596753
775228 1.615203
776118 1.618212
777008 1.576234
777898 1.625705
778788 1.620368
779678 1.558261
780568 1.621907
781458 1.624895
782348 1.619757
783238 1.590646
784128 1.615252
785018 1.618230
785908 1.631589
786798 1.645905
787688 1.596112
788578 1.645680
789468 1.674381
790358 1.651495
791248 1.647991
792138 1.657502
793028 1.657068
793918 1.683620
794808 1.665281
795698 1.653923
796588 1.686176
797478 1.696300
798368 1.666494
799258 1.669223
800148 1.662789
801038 1.692585
801928 1.701405
802818 1.680540
803708 1.696231
804598 1.685843
805488 1.715918
806378 1.699239
807268 1.704036
808158 1.704524
809048 1.722317
809938 1.725703
810828 1.723576
811718 1.746389
812608 1.749179
813498 1.722703
814388 1.754989
815278 1.740228
816168 1.782244
817058 1.726484
817948 1.734339
818838 1.769440
819728 1.766496
820618 1.779326
821508 1.788715
822398 1.783510
823288 1.765016
824178 1.786021
825068 1.773664
825958 1.777416
826848 1.776372
827738 1.812321
828628 1.792503
829518 1.805806
830408 1.813941
831298 1.820102
832188 1.776936
833078 1.818634
833968 1.822965
834858 1.827153
835748 1.841198
836638 1.838380
837528 1.837030
839308 1.846249
840198 1.801713
841978 1.856689
842868 1.841876
843758 1.833822
844648 1.897706
845538 1.834055
846428 1.836422
847318 1.877717
848208 1.861415
849098 1.890023
849988 1.877869
850878 1.885420
851768 1.881730
852658 1.903518
853548 1.887003
854438 1.866219
855328 1.903210
856218 1.901915
857108 1.895949
857998 1.877378
858888 1.907097
859778 1.917483
860668 1.919402
861558 1.853686
862448 1.879737
863338 1.914695
864228 1.946653
865118 1.898084
866008 1.944015
866898 1.937013
867788 1.934850
868678 1.924729
869568 1.943214
870458 1.940046
871348 1.932070
872238 1.950640
873128 1.948803
874018 1.955069
874908 1.947434
875798 1.965932
876688 1.956562
877578 1.958350
878468 1.944485
879358 1.985590
880248 1.990736
881138 1.991195
882028 1.946680
882918 1.982648
883808 1.958830
884698 2.018485
885588 1.996806
886478 2.001493
887368 1.999267
888258 1.993701
889148 1.984918
890038 2.018315
890928 1.961382
891818 2.006159
892708 2.033162
893598 2.035528
894488 1.992351
895378 2.031761
896268 2.034231
897158 2.053852
898048 2.039976
898938 2.033194
899828 2.037427
900718 2.029296
901608 2.034362
902498 2.042081
903388 2.058802
904278 2.036265
905168 2.064124
906058 2.020946
906948 2.079910
907838 2.042765
908728 2.036515
909618 2.066522
910508 2.074749
911398 2.080641
912288 2.098148
913178 2.061434
914068 2.084949
914958 2.059386
915848 2.084290
916738 2.086447
917628 2.102845
918518 2.106250
919408 2.089482
920298 2.072367
921188 2.104226
922078 2.121040
922968 2.105060
923858 2.092208
924748 2.121616
925638 2.093761
926528 2.116814
927418 2.080063
928308 2.128463
929198 2.128438
930088 2.147268
930978 2.115010
931868 2.125661
932758 2.153571
933648 2.167509
934538 2.110330
935428 2.139643
936318 2.154907
937208 2.161596
938098 2.148407
938988 2.148166
939878 2.147711
940768 2.173997
941658 2.139657
942548 2.181303
943438 2.191765
944328 2.167842
945218 2.173491
946108 2.190113
946998 2.175128
947888 2.160756
948778 2.171132
949668 2.159463
950558 2.179658
951448 2.194693
952338 2.162673
953228 2.162600
954118 2.192305
955008 2.207420
955898 2.200023
956788 2.192233
957678 2.193581
958568 2.199164
959458 2.229535
960348 2.216803
961238 2.216412
962128 2.223484
963018 2.214070
963908 2.206626
964798 2.230356
965688 2.235835
966578 2.256431
967468 2.236983
968358 2.233941
969248 2.218380
970138 2.208376
971028 2.228585
971918 2.228156
972808 2.252718
973698 2.266362
974588 2.230859
975478 2.250351
976368 2.273292
977258 2.222570
978148 2.260999
979038 2.286460
979928 2.268981
980818 2.255234
982598 2.287553
983488 2.294822
984378 2.291561
985268 2.274219
986158 2.266391
987048 2.281487
987938 2.274822
988828 2.274598
989718 2.270827
990608 2.292758
991498 2.287263
992388 2.261213
993278 2.318771
994168 2.301675
995058 2.323108
995948 2.322847
996838 2.311696
997728 2.325746
998618 2.317358
999508 2.334019
1000398 2.340889
1001288 2.327236
1002178 2.323152
1003068 2.316074
1003958 2.327187
1004848 2.350712
1005738 2.326294
1006628 2.350432
1007518 2.335075
1008408 2.336050
1009298 2.339513
1010188 2.355399
1011078 2.356207
1011968 2.367299
1012858 2.339093
1013748 2.324157
1014638 2.369683
1015528 2.366446
1016418 2.383809
1017308 2.375228
1018198 2.372045
1019088 2.381953
1019978 2.316358
1020868 2.363027
1021758 2.366695
1022648 2.406305
1023538 2.379041
1024428 2.365372
1025318 2.399866
1026208 2.404799
1027098 2.370791
1027988 2.395379
1028878 2.383270
1029768 2.400952
1030658 2.370624
1031548 2.376203
1032438 2.421626
1033328 2.406000
1034218 2.405617
1035108 2.379823
1035998 2.405786
1036888 2.407945
1037778 2.430435
1038668 2.389397
1039558 2.397962
1040448 2.417277
1041338 2.401074
1042228 2.420804
1043118 2.423502
1044008 2.425741
1044898 2.396997
1045788 2.445576
1046678 2.401884
1047568 2.438760
1048458 2.447752
1049348 2.416945
1050238 2.449966
1051128 2.427327
1052018 2.441147
1052908 2.424492
1053798 2.434826
1054688 2.457339
1055578 2.435265
1056468 2.443918
1057358 2.430235
1058248 2.456717
1059138 2.462161
1060028 2.465224
1060918 2.429664
1061808 2.455518
1062698 2.438151
1063588 2.478165
1064478 2.484904
1065368 2.468705
1066258 2.445237
1067148 2.475115
1068038 2.472861
1068928 2.477289
1069818 2.465501
1070708 2.505393
1071598 2.489247
1072488 2.485415
1073378 2.481261
1074268 2.503904
1075158 2.494566
1076048 2.528180
1076938 2.461173
1077828 2.502934
1078718 2.478108
1079608 2.472579
1080498 2.502128
1081388 2.527043
1082278 2.499523
1083168 2.483255
1084058 2.489845
1084948 2.528504
1085838 2.493375
1086728 2.512440
1087618 2.519677
1088508 2.516829
1089398 2.500275
1090288 2.499601
1091178 2.510355
1092068 2.536750
1092958 2.501404
1093848 2.535926
1094738 2.515371
1095628 2.537318
1096518 2.546578
1097408 2.471043
1098298 2.532442
1099188 2.534146
1100078 2.512772
1100968 2.531897
1101858 2.529472
1102748 2.514927
1103638 2.572374
1104528 2.522612
1105418 2.559854
1106308 2.563447
1107198 2.571376
1108088 2.554928
1108978 2.565587
1109868 2.563823
1110758 2.557577
1111648 2.549487
1112538 2.579055
1113428 2.549296
1114318 2.581956
1115208 2.568481
1116098 2.591233
1116988 2.563354
1117878 2.572191
1118768 2.538872
1119658 2.579817
1120548 2.593817
1121438 2.591502
1122328 2.594122
1123218 2.599002
1124108 2.598475
1124998 2.583417
1125888 2.567555
1126778 2.595034
1127668 2.579887
1128558 2.556981
1129448 2.591399
1130338 2.631411
1131228 2.609662
1132118 2.600353
1133898 2.624923
1134788 2.611773
1135678 2.587130
1136568 2.626246
1137458 2.598621
1138348 2.608713
1139238 2.646241
1140128 2.666313
1141018 2.624984
1141908 2.628527
1142798 2.648982
1143688 2.613867
1144578 2.617490
1145468 2.652489
1146358 2.615665
1147248 2.605409
1148138 2.644454
1149028 2.619687
1149918 2.640968
1150808 2.645358
1151698 2.641472
1152588 2.622635
1153478 2.619534
1154368 2.673832
1155258 2.625996
1156148 2.675167
1157038 2.646086
1157928 2.644037
1158818 2.655145
1159708 2.647579
1160598 2.619237
1161488 2.653995
1162378 2.658835
1163268 2.673463
1164158 2.647342
1165048 2.665271
1165938 2.689040
1166828 2.656991
1167718 2.640677
1168608 2.688867
1169498 2.670492
1170388 2.672082
1171278 2.659635
1172168 2.662105
1173058 2.670091
1173948 2.634393
1174838 2.657790
1175728 2.667055
1176618 2.690842
1177508 2.703907
1178398 2.699464
1179288 2.693498
1180178 2.680600
1181068 2.672966
1181958 2.671655
1182848 2.660737
1183738 2.686931
1184628 2.677621
1185518 2.704901
1186408 2.715656
1187298 2.706327
1188188 2.706646
1189078 2.708952
1189968 2.699758
1190858 2.696220
1191748 2.713595
1192638 2.744422
1193528 2.695503
1194418 2.688140
1195308 2.715306
1196198 2.713276
1197088 2.703496
1197978 2.704562
1198868 2.728381
1199758 2.680525
1200648 2.717176
1201538 2.738863
1202428 2.730680
1203318 2.779983
1204208 2.747285
1205098 2.748609
1205988 2.730340
1206878 2.750716
1207768 2.724339
1208658 2.750549
1210438 2.745513
1211328 2.743614
1212218 2.748030
1213108 2.743415
1213998 2.744210
1214888 2.723679
1215778 2.750718
1216668 2.755321
1217558 2.730114
1218448 2.754254
1219338 2.778137
1220228 2.759877
1221118 2.740373
1222008 2.756340
1222898 2.771852
1223788 2.790924
1224678 2.784629
1225568 2.760501
1226458 2.788350
1227348 2.808711
1228238 2.773163
1229128 2.773296
1230018 2.752838
1230908 2.763159
1231798 2.773087
1232688 2.759657
1233578 2.796767
1234468 2.761506
1235358 2.782124
1236248 2.769421
1237138 2.781809
1238028 2.793573
1238918 2.768222
1239808 2.798229
1240698 2.803386
1241588 2.770236
1243368 2.785355
1244258 2.805799
1245148 2.822241
1246038 2.817508
1246928 2.765812
1247818 2.757221
1248708 2.805850
1249598 2.811791
1250488 2.802627
1251378 2.807469
1252268 2.806569
1253158 2.800485
1254048 2.808601
1254938 2.805835
1255828 2.818529
1256718 2.821411
1257608 2.800734
1258498 2.815608
1259388 2.828135
1260278 2.833264
1261168 2.828236
1262058 2.819780
1262948 2.809026
1263838 2.815346
1264728 2.819595
1265618 2.837683
1266508 2.803079
1267398 2.806500
1268288 2.807612
1269178 2.833074
1270068 2.825981
1270958 2.814116
1271848 2.813215
1272738 2.829531
1273628 2.841522
1274518 2.838441
1275408 2.828842
1276298 2.811530
1277188 2.841092
1278078 2.825425
1278968 2.852724
1279858 2.858748
1280748 2.853084
1281638 2.826617
1282528 2.839927
1283418 2.770482
1284308 2.829005
1285198 2.828490
1286088 2.859373
1286978 2.845030
1287868 2.866292
1288758 2.851326
1289648 2.838750
1290538 2.883375
1291428 2.858052
1292318 2.869141
1293208 2.854339
1294098 2.845635
1294988 2.865987
1295878 2.827569
1296768 2.865419
1297658 2.897144
1298548 2.862146
1299438 2.876611
1300328 2.864842
1301218 2.861264
1302108 2.904937
1302998 2.863182
1303888 2.858494
1304778 2.887013
1305668 2.896893
1306558 2.871712
1307448 2.864145
1308338 2.886384
1309228 2.904002
1310118 2.835252
1311008 2.904212
1311898 2.885702
1312788 2.890224
1313678 2.881911
1314568 2.879183
1315458 2.922002
1316348 2.896059
1317238 2.889784
1318128 2.893810
1319018 2.912082
1319908 2.899472
1320798 2.886625
1321688 2.915126
1322578 2.894804
1323468 2.918397
1324358 2.870104
1325248 2.909685
1326138 2.894112
1327028 2.894011
1327918 2.901181
1328808 2.905553
1329698 2.910948
1331478 2.904551
1332368 2.935501
1333258 2.917211
1334148 2.916826
1335038 2.936357
1335928 2.920425
1336818 2.914872
1337708 2.905701
1338598 2.922042
1339488 2.941275
1340378 2.923066
1341268 2.929818
1342158 2.954357
1343048 2.932869
1344828 2.925246
1345718 2.929955
1346608 2.945629
1347498 2.951713
1348388 2.923697
1349278 2.932865
1350168 2.928180
1351058 2.926698
1351948 2.958200
1352838 2.932949
1353728 2.943706
1354618 2.934980
1355508 2.947015
1356398 2.985796
1357288 2.921700
1358178 2.937840
1359068 2.930655
1359958 2.996903
1360848 3.029734
1361738 2.980230
1362628 2.950330
1363518 2.948921
1364408 2.902238
1365298 2.913895
1366188 2.969060
1367078 2.966175
1367968 2.934087
1368858 2.951013
1369748 2.967623
1370638 2.964362
1371528 2.942487
1372418 2.954370
1373308 3.003853
1374198 2.984138
1375088 2.980995
1375978 2.978514
1376868 2.985795
1377758 2.938821
1378648 2.971617
1379538 2.992757
1380428 2.988935
1381318 2.969203
1382208 2.994276
1383098 2.982015
1383988 2.980779
1384878 2.999378
1385768 3.020230
1386658 3.011424
1387548 2.960675
1388438 3.023528
1389328 3.028530
1390218 2.981180
1391108 2.981040
1391998 3.001624
1392888 3.008398
1393778 2.999227
1394668 3.012036
1395558 3.021010
1396448 3.010977
1397338 2.984518
1398228 2.979454
1399118 3.006280
1400008 3.003023
1400898 3.019157
1401788 3.041605
1402678 3.031190
1403568 3.016473
1404458 3.020825
1405348 3.021566
1406238 3.029994
1407128 3.016017
1408018 3.003106
1408908 3.012801
1409798 3.026021
1410688 3.021266
1411578 3.013855
1412468 3.018283
1413358 3.027736
1414248 3.030080
1415138 3.039122
1416028 3.029945
1416918 3.039536
1417808 3.014462
1418698 3.037461
1419588 3.032656
1420478 3.015224
1421368 3.028040
1422258 3.027168
1423148 3.000573
1424038 3.029186
1424928 3.033720
1425818 3.004183
1426708 3.026964
1427598 3.024643
1428488 3.057153
1429378 3.027864
1430268 3.046158
1431158 3.040057
1432048 3.042483
1432938 3.036844
1433828 3.030609
1434718 3.053079
1435608 3.024627
1436498 3.031817
1437388 3.042056
1438278 3.007420
1439168 3.057358
1440058 3.075171
1440948 3.034525
1441838 3.067691
1442728 3.059082
1443618 3.061866
1444508 3.071761
1445398 3.039868
1446288 3.051247
1447178 3.037514
1448068 3.062306
1448958 3.061943
1449848 3.086800
1450738 3.075749
1451628 3.008358
1452518 3.057079
1453408 3.044099
1454298 3.083248
1455188 3.083918
1456078 3.092999
1456968 3.094262
1457858 3.069666
1458748 3.079049
1459638 3.057873
1460528 3.093554
1461418 3.099216
1462308 3.090619
1463198 3.078662
1464088 3.075652
1464978 3.048941
1465868 3.061351
1466758 3.081874
1467648 3.063916
1468538 3.069142
1469428 3.073078
1470318 3.100867
1471208 3.049083
1472098 3.088574
1472988 3.101132
1473878 3.088392
1474768 3.078771
1475658 3.086176
1476548 3.103575
1477438 3.092277
1478328 3.093290
1479218 3.073662
1480108 3.066200
1480998 3.086602
1481888 3.095278
1482778 3.115998
1483668 3.105303
1484558 3.080185
1485448 3.063304
1486338 3.079519
1487228 3.085480
1488118 3.104768
1489008 3.096301
1489898 3.081950
1490788 3.082793
1491678 3.126116
1492568 3.153440
1493458 3.083501
1494348 3.119657
1495238 3.119959
1496128 3.117427
1497018 3.108044
1497908 3.082872
1498798 3.122332
1499688 3.141078
1500578 3.076717
1501468 3.123175
1502358 3.157000
1503248 3.145824
1504138 3.106333
1505028 3.110915
1505918 3.133622
1506808 3.157343
1507698 3.145143
1508588 3.131142
1509478 3.127012
1510368 3.134713
1511258 3.108045
1512148 3.147113
1513038 3.134768
1513928 3.112407
1514818 3.108840
1515708 3.163416
1516598 3.128093
1517488 3.111506
1518378 3.097134
1519268 3.144907
1520158 3.181777
1521048 3.158881
1521938 3.142403
1522828 3.139157
1523718 3.149007
1525498 3.132328
1526388 3.115787
1527278 3.162523
1528168 3.137410
1529058 3.170567
1529948 3.147410
1530838 3.126021
1531728 3.154909
1532618 3.165594
1533508 3.170246
1534398 3.160187
1535288 3.157189
1536178 3.157322
1537068 3.154753
1537958 3.094665
1538848 3.164204
1539738 3.118048
1540628 3.162706
1541518 3.124465
1542408 3.115354
1543298 3.178427
1544188 3.134059
1545078 3.154245
1545968 3.188557
1546858 3.183421
1547748 3.171904
1548638 3.133340
1549528 3.204420
1550418 3.182031
1551308 3.138581
1552198 3.155050
1553088 3.148324
1553978 3.176645
1554868 3.156309
1555758 3.185230
1556648 3.184138
1557538 3.133490
1558428 3.161461
1559318 3.178127
1560208 3.131788
1561098 3.221205
1561988 3.190396
1562878 3.197743
1563768 3.147191
1564658 3.163077
1565548 3.163267
1566438 3.165821
1567328 3.175978
1568218 3.172798
1569108 3.190029
1569998 3.137163
1570888 3.134508
1571778 3.167707
1572668 3.179394
1573558 3.203048
1574448 3.189755
1575338 3.168767
1576228 3.253992
1577118 3.183120
1578008 3.190969
1578898 3.184080
1579788 3.176345
1580678 3.191613
1581568 3.232013
1582458 3.219651
1583348 3.198479
1584238 3.199544
1585128 3.206263
1586018 3.197192
1586908 3.200717
1587709 3.224428
1588688 3.225866
1589578 3.213759
1590468 3.200598
1591358 3.173478
1592248 3.241607
1593138 3.190572
1594028 3.151801
1594918 3.237702
1595808 3.212161
1596698 3.216464
1597588 3.191244
1598478 3.214030
1599368 3.210490
1600258 3.188828
1601148 3.259091
1602038 3.210114
1602928 3.211352
1603818 3.200365
1604708 3.197930
1605598 3.215826
1606488 3.201184
1607378 3.201814
1608268 3.223551
1609158 3.219912
1610048 3.236326
1610938 3.202972
1611828 3.233201
1612718 3.252476
1613608 3.238543
1614498 3.237807
1615388 3.220366
1616278 3.202062
1618058 3.226319
1618948 3.213798
1619838 3.167832
1620728 3.168048
1621618 3.199470
1622508 3.242208
1623398 3.272380
1624288 3.231680
1625178 3.216353
1626068 3.247099
1626958 3.174122
1627848 3.233634
1628738 3.260512
1629628 3.205153
1630518 3.206084
1631408 3.247495
1632298 3.173273
1633188 3.211166
1634078 3.235878
1634968 3.271828
1635858 3.254188
1636748 3.171907
1637638 3.251242
1638528 3.219338
1639418 3.249697
1640308 3.250485
1641198 3.218196
1642088 3.235285
1642978 3.230295
1643868 3.225372
1644758 3.248269
1645648 3.253107
1646538 3.249987
1647428 3.182439
1648318 3.266529
1649208 3.251356
1650988 3.253015
1651878 3.263226
1652768 3.300290
1653658 3.266840
1654548 3.277631
1655438 3.273451
1656328 3.288217
1657218 3.251990
1658108 3.301534
1658998 3.292122
1659888 3.269508
1660778 3.261368
1661668 3.256378
1662558 3.227888
1663448 3.281143
1664338 3.265751
1665228 3.270652
1666118 3.285068
1667008 3.255573
1667898 3.279113
1668788 3.295639
1669678 3.279192
1671458 3.303467
1672348 3.286363
1673238 3.259411
1674128 3.290445
1675018 3.298312
1675908 3.235976
1676798 3.259360
1677688 3.275816
1678578 3.288342
1679468 3.304301
1680358 3.293206
1681248 3.265151
1682138 3.263381
1683028 3.235927
1683918 3.271068
1684808 3.270453
1685698 3.292151
1686588 3.278883
1687478 3.273600
1688368 3.285448
1689258 3.292292
1690148 3.285158
1691038 3.273042
1691928 3.277556
1692818 3.261552
1693708 3.268838
1694598 3.294122
1695488 3.299319
1696378 3.288813
1697268 3.292507
1698158 3.289802
1699048 3.304671
1699938 3.298368
1700828 3.296217
1701718 3.277131
1703498 3.309976
1704388 3.330050
1705278 3.228811
1706168 3.272901
1707058 3.293166
1707948 3.333034
1708838 3.251074
1709728 3.307204
1710618 3.297150
1711508 3.311473
1712398 3.315334
1713288 3.306957
1714178 3.338244
1715068 3.334242
1715958 3.304688
1716848 3.299232
1717738 3.335488
1718628 3.316481
1719518 3.300777
1720408 3.340843
1721298 3.275398
1722188 3.295032
1723078 3.299749
1723968 3.275106
1724858 3.335207
1725748 3.297195
1726638 3.270966
1727528 3.296810
1728418 3.299829
1729308 3.332448
1730198 3.309695
1731088 3.297800
1731978 3.312233
1732868 3.283660
1733758 3.323393
1734648 3.343347
1735538 3.263491
1736428 3.308011
1737318 3.323276
1738208 3.320564
1739098 3.305102
1739988 3.324122
1740878 3.307005
1741768 3.312312
1742658 3.311323
1743548 3.342179
1744438 3.312895
1745328 3.322207
1746218 3.298956
1747108 3.316744
1747998 3.299535
1748888 3.338845
1749778 3.303027
1750668 3.293611
1751558 3.351191
1752448 3.321474
1753338 3.318164
1754228 3.324868
1755118 3.315678
1756008 3.313113
1756898 3.322223
1757788 3.337464
1758678 3.307829
1759568 3.302629
1760458 3.313885
1761348 3.290045
1762238 3.351804
1763128 3.337079
1764018 3.341255
1764908 3.339324
1765798 3.319674
1766688 3.365055
1767578 3.325884
1768468 3.342697
1769358 3.368776
1770248 3.369347
1771138 3.349053
1772028 3.369923
1772918 3.339282
1773808 3.317490
1774698 3.364072
1775588 3.340281
1776478 3.366055
1777368 3.400454
1779148 3.348318
1780038 3.359930
1780928 3.341291
1781818 3.357405
1782708 3.356987
1783598 3.370138
1784488 3.364635
1785378 3.327836
1786179 3.332966
1787158 3.305568
1788048 3.333654
1788938 3.350942
1789828 3.356380
1790718 3.380687
1791608 3.381532
1792498 3.358078
1793388 3.357155
1794278 3.375347
1795168 3.337329
1796058 3.354482
1796948 3.353924
1797749 3.349482
1798728 3.363660
1799618 3.365920
1800508 3.339149
1801398 3.386007
1802288 3.382451
1803178 3.308169
1804068 3.350942
1804958 3.325096
1805848 3.378556
1806738 3.353912
1807628 3.368295
1808518 3.344433
1809408 3.346503
1810298 3.386460
1811188 3.396146
1812078 3.345782
1812968 3.355451
1813858 3.392175
1814748 3.361804
1815638 3.374426
1816528 3.407585
1817418 3.360022
1818308 3.386127
1819198 3.366540
1820088 3.358330
1820978 3.412395
1821868 3.384223
1822758 3.366637
1823648 3.383695
1824538 3.358518
1825428 3.386988
1826318 3.350628
1827208 3.398270
1828098 3.366845
1828988 3.384381
1829878 3.375073
1830768 3.363536
1831658 3.402132
1832548 3.398593
1833438 3.382496
1834328 3.418969
1835218 3.378286
1836108 3.366970
1836998 3.398382
1837888 3.388930
1838778 3.402275
1839668 3.394369
1840558 3.385161
1841448 3.441561
1842338 3.392504
1843228 3.414471
1844118 3.400613
1845008 3.359280
1845898 3.348553
1846788 3.400189
1847678 3.402163
1848568 3.385934
1849458 3.404737
1850348 3.359822
1851238 3.381921
1852128 3.370767
1853018 3.379549
1853908 3.376413
1854798 3.387556
1855688 3.398277
1856578 3.409711
1857468 3.426388
1858358 3.393981
1859248 3.413929
1860138 3.418798
1861028 3.394863
1861918 3.428478
1862808 3.384495
1863698 3.445053
1864588 3.447933
1865478 3.384958
1866368 3.412140
1867258 3.420625
1868148 3.420588
1869038 3.432318
1869928 3.411465
1870818 3.421782
1871708 3.406144
1872598 3.426416
1873488 3.407269
1874378 3.418894
1875268 3.419756
1876158 3.409106
1877048 3.427015
1877938 3.418962
1878828 3.393673
1879718 3.422786
1880608 3.408384
1881498 3.441346
1882388 3.392091
1883278 3.447291
1884168 3.399300
1885058 3.409209
1885948 3.397524
1886838 3.410894
1887728 3.401793
1888618 3.452815
1889508 3.426277
1890398 3.432895
1891288 3.398538
1892178 3.344342
1893068 3.418954
1893958 3.413883
1894848 3.454702
1895738 3.416749
1896628 3.417568
1897518 3.440910
1898408 3.436018
1899298 3.423868
1900188 3.428841
1901078 3.418079
1901968 3.394169
1902858 3.436354
1903748 3.435059
1904638 3.447354
1905528 3.404097
1906418 3.405099
1907308 3.402263
1908198 3.431402
1909088 3.465745
1909978 3.437389
1910868 3.418068
1911758 3.445665
1912648 3.440508
1913538 3.418247
1914428 3.446012
1915318 3.449557
1916208 3.468379
1917098 3.429275
1917988 3.443696
1918878 3.454189
1919768 3.455970
1920658 3.418804
1921548 3.433616
1922438 3.449294
1923328 3.437716
1924218 3.434721
1925108 3.428708
1925998 3.450334
1926888 3.491338
1927778 3.435865
1928668 3.494128
1929558 3.424736
1930448 3.435698
1931338 3.438122
1932228 3.440590
1933118 3.476351
1934008 3.442629
1934898 3.453606
1935788 3.455842
1936678 3.447351
1937568 3.444913
1938458 3.454039
1939348 3.449347
1940238 3.451707
1941128 3.475477
1942018 3.470279
1942908 3.416824
1943798 3.473921
1944688 3.466157
1945578 3.461178
1946468 3.461939
1947358 3.449115
1948248 3.461735
1949138 3.461428
1950028 3.434169
1950918 3.472201
1951808 3.473455
1952698 3.462685
1953588 3.468301
1954478 3.496516
1955368 3.445290
1956258 3.420613
1957148 3.455305
1958928 3.434591
1959818 3.462050
1960708 3.455180
1961598 3.471073
1962488 3.451504
1963378 3.443829
1964268 3.476528
1965158 3.473548
1966048 3.463081
1966938 3.465813
1968718 3.449925
1969608 3.469759
1970498 3.460400
1971388 3.469194
1972278 3.473979
1973168 3.481336
1974058 3.452508
1974948 3.426668
1975838 3.447015
1976728 3.483240
1977618 3.461163
1978508 3.441119
1979398 3.487780
1980288 3.483665
1981178 3.463168
1982068 3.453825
1982958 3.487571
1983848 3.463327
1984738 3.465113
1985628 3.472479
1986518 3.458446
1987408 3.476666
1988209 3.503908
1989188 3.478339
1990078 3.456913
1990968 3.488781
1991858 3.464635
1992748 3.490164
1993638 3.504749
1994528 3.427066
1995418 3.503772
1996308 3.461724
1997198 3.501382
1998088 3.486824
1998978 3.523881
1999868 3.487571
2000758 3.437259
2001648 3.473749
2002538 3.489574
2003428 3.495205
2004318 3.491633
2005208 3.490666
2006988 3.494485
2007878 3.497860
2008768 3.455858
2009658 3.476076
2010548 3.490078
2011438 3.490437
2012328 3.493080
2013218 3.476115
2014019 3.488118
2014998 3.494965
2015888 3.494694
2016778 3.513257
2017668 3.478519
2018558 3.475319
2019448 3.469393
2020338 3.466850
2021228 3.498121
2022029 3.494151
2023008 3.515924
2023898 3.488956
2024788 3.507395
2025678 3.515401
2026568 3.448096
2027458 3.522500
2028348 3.513418
2029238 3.473766
2030128 3.518057
2031018 3.488124
2031908 3.512475
2032798 3.532960
2033688 3.459181
2034578 3.493526
2035468 3.512546
2036358 3.488235
2037248 3.471575
2038138 3.503033
2039028 3.497163
2039918 3.504741
2040808 3.510387
2041698 3.520015
2042588 3.499962
2043478 3.537188
2044368 3.508816
2046148 3.476800
2047038 3.533336
2047928 3.496784
2048818 3.510193
2049708 3.485816
2050598 3.514162
2051488 3.481983
2052378 3.465167
2053268 3.482756
2054158 3.552053
2055048 3.530342
2055938 3.491045
2056828 3.513731
2057718 3.523275
2058608 3.498561
2059498 3.519474
2060388 3.540512
2061278 3.523445
2062168 3.504819
2063058 3.540588
2063948 3.530468
2064838 3.513435
2065728 3.508838
2066618 3.494057
2067508 3.533168
2068398 3.516360
2070178 3.542246
2071068 3.504897
2071958 3.497832
2072848 3.535079
2073738 3.500191
2074628 3.514030
2075518 3.559152
2076408 3.524972
2077298 3.535346
2078188 3.503852
2079078 3.503895
2079968 3.531771
2080858 3.559819
2081748 3.532145
2082638 3.530004
2083528 3.542202
2084418 3.505463
2085308 3.549527
2086198 3.556689
2087088 3.533227
2087978 3.518789
2088868 3.527097
2089758 3.538609
2090648 3.495692
2091538 3.528835
2092428 3.546633
2093318 3.544144
2094208 3.515148
2095098 3.555260
2095988 3.565383
2096878 3.566698
2097768 3.541468
2098658 3.568904
2099548 3.563055
2100438 3.533249
2102218 3.563140
2103108 3.508872
2103998 3.555952
2104888 3.581662
2105778 3.561029
2106668 3.550040
2107558 3.536539
2108448 3.525526
2109338 3.522723
2110228 3.476007
2111118 3.539590
2112008 3.542185
2112898 3.547006
2113788 3.556737
2114678 3.548836
2115479 3.558373
2116458 3.557770
2117348 3.536422
2118238 3.560463
2119128 3.541139
2120018 3.561170
2120908 3.566359
2121798 3.518768
2122688 3.554681
2123578 3.551294
2124468 3.562420
2125358 3.557195
2126248 3.558990
2127138 3.558007
2128028 3.562582
2128918 3.506823
2129808 3.528153
2130698 3.521031
2131588 3.575926
2132478 3.594506
2133368 3.584607
2134258 3.539308
2135148 3.561808
2136038 3.559128
2136928 3.574547
2137818 3.553667
2138708 3.562898
2139598 3.553077
2140488 3.552979
2141378 3.549827
2142268 3.537351
2143158 3.587942
2144048 3.567584
2144938 3.558703
2145828 3.589395
2146718 3.580511
2147608 3.548550
2148498 3.502499
2149388 3.541490
2150278 3.582961
2151168 3.560702
2152058 3.589231
2152948 3.565803
2153838 3.608136
2154728 3.560231
2155618 3.598374
2156508 3.550102
2157398 3.542974
2158288 3.560506
2159178 3.598449
2160068 3.567562
2160958 3.554934
2161848 3.587053
2162738 3.572347
2163628 3.565770
2164518 3.538047
2165408 3.602372
2166298 3.569195
2167188 3.574845
2168078 3.570731
2168968 3.533286
2169858 3.580451
2170748 3.598303
2171638 3.578599
2172528 3.560951
2173418 3.574588
2174308 3.567923
2175198 3.577217
2176088 3.605414
2176978 3.582069
2177868 3.591602
2178669 3.587498
2179648 3.563617
2180538 3.576156
2181428 3.542967
2182318 3.570458
2183208 3.605118
2184009 3.592603
2184988 3.572694
2185878 3.579471
2186768 3.558051
2187658 3.594999
2188548 3.591363
2189438 3.590677
2190328 3.566615
2191218 3.571373
2192108 3.613753
2192998 3.576466
2193888 3.574653
2194778 3.586563
2195668 3.631932
2196558 3.537553
2197448 3.594002
2198338 3.580178
2199228 3.544126
2200118 3.619246
2201008 3.580263
2201898 3.592654
2202788 3.599421
2203678 3.578991
2204568 3.603916
2205458 3.549678
2206348 3.588400
2207238 3.602091
2208128 3.613850
2209018 3.569203
2209908 3.599436
2210798 3.602367
2211688 3.576008
2212578 3.625362
2213468 3.599449
2214358 3.581474
2215248 3.590450
2216138 3.616936
2217028 3.588137
2217918 3.613708
2218808 3.600248
2219698 3.617949
2220588 3.597638
2221478 3.592425
2222368 3.605952
2223258 3.632393
2224148 3.621968
2225038 3.563016
2225928 3.617815
2226818 3.587054
2227708 3.603657
2228598 3.616633
2229488 3.559248
2230378 3.620708
2231268 3.596365
2232158 3.615940
2233048 3.623229
2233938 3.590732
2234828 3.614289
2235718 3.596313
2236608 3.624132
2237498 3.588515
2239278 3.601288
2240168 3.585076
2241058 3.586272
2241948 3.630558
2242838 3.657132
2243728 3.604213
2244618 3.628970
2245508 3.634474
2246398 3.618480
2247288 3.599826
2248178 3.602538
2249068 3.576873
2249958 3.618177
2250848 3.590741
2251738 3.596021
2252628 3.632514
2253518 3.625131
2254408 3.631938
2255298 3.593308
2256188 3.634202
2257078 3.610474
2258858 3.609343
2259748 3.581440
2260638 3.629106
2261528 3.619687
2262418 3.671204
2263308 3.579065
2264198 3.608732
2265088 3.645655
2265978 3.607008
2266868 3.607937
2267758 3.604097
2268648 3.643641
2270428 3.604357
2271318 3.647515
2272208 3.620896
2273098 3.635045
2273988 3.633341
2274878 3.633689
2275768 3.623231
2276658 3.597555
2277548 3.653048
2278438 3.604117
2279328 3.608945
2281108 3.601822
2281998 3.599730
2282888 3.601813
2283778 3.639121
2284668 3.619094
2285558 3.609446
2286448 3.591243
2287338 3.658214
2288228 3.597964
2289118 3.640582
2290008 3.606986
2290898 3.618022
2291788 3.646222
2292678 3.645989
2293568 3.660205
2294458 3.573253
2295348 3.575639
2296238 3.648913
2297128 3.637733
2298018 3.654299
2298908 3.644126
2299798 3.638433
2300688 3.630179
2301578 3.610364
2302468 3.646656
2303358 3.626175
2304248 3.604828
2305138 3.649502
2306028 3.632868
2306918 3.631965
2307808 3.598127
2308698 3.650670
2309588 3.594763
2310478 3.651298
2311368 3.630273
2312258 3.625729
2313148 3.661309
2314038 3.626898
2314928 3.632020
2315818 3.637799
2316708 3.639100
2317598 3.666482
2318488 3.640992
2319378 3.653430
2320268 3.624611
2321158 3.669703
2322048 3.652944
2322938 3.641874
2323828 3.633397
2324718 3.611877
2325608 3.641843
2326498 3.650070
2327388 3.661908
2328278 3.634721
2329168 3.656241
2330058 3.646840
2330948 3.652804
2331838 3.661666
2332728 3.632528
2333618 3.657892
2334508 3.658611
2335398 3.687075
2336199 3.620845
2337178 3.653172
2338068 3.645374
2338869 3.633046
2339848 3.592020
2340738 3.656626
2341628 3.650213
2342518 3.644822
2343408 3.647197
2344298 3.688089
2345188 3.594381
2346078 3.628006
2346968 3.636267
2347858 3.641168
2348748 3.681283
2349638 3.629879
2350528 3.634944
2351418 3.680875
2352308 3.644803
2353198 3.665332
2354088 3.652539
2354978 3.627102
2355868 3.650971
2356758 3.649119
2357648 3.645190
2358538 3.603269
2359428 3.638027
2360318 3.659754
2361208 3.672830
2362098 3.683866
2362988 3.653346
2363878 3.622837
2364768 3.591082
2365658 3.685855
2366548 3.673924
2367438 3.641043
2368328 3.666838
2369218 3.683729
2370108 3.662287
2370998 3.664625
2371888 3.638190
2372778 3.677846
2373668 3.659462
2374558 3.666207
2375448 3.659056
2377228 3.687854
2378118 3.645319
2379008 3.702289
2379898 3.661061
2380788 3.636011
2381678 3.690480
2382568 3.635560
2383458 3.684587
2385238 3.640994
2386128 3.698329
2387018 3.743527
2387908 3.667310
2388798 3.661294
2389688 3.670105
2390578 3.699112
2391468 3.697818
2392358 3.672557
2393248 3.685335
2394138 3.675104
2395028 3.652585
2395918 3.691816
2396808 3.671932
2397698 3.680440
2398588 3.631827
2399478 3.652389
2400368 3.674094
2401258 3.664104
2402148 3.683238
2403038 3.679922
2403928 3.629417
2404818 3.671461
2405708 3.644369
2406598 3.694470
2407488 3.638376
2409268 3.633972
2410158 3.645075
2411048 3.714565
2411938 3.684180
2412828 3.671725
2413718 3.671938
2414608 3.695902
2415498 3.674721
2416388 3.655799
2417278 3.698861
2418168 3.691258
2419058 3.689196
2419948 3.675865
2420838 3.710164
2421728 3.666985
2422440 3.696409
2423508 3.694516
2424398 3.669215
2425288 3.673428
2426178 3.667582
2426979 3.678779
2427958 3.658144
2428848 3.660050
2429738 3.688490
2430628 3.703234
2431518 3.676988
2432408 3.688313
2433298 3.696669
2434188 3.685075
2435078 3.642764
2435968 3.707446
2436858 3.688342
2437748 3.665407
2438638 3.746460
2439528 3.661263
2440418 3.688543
2441308 3.687891
2442198 3.713548
2443088 3.689230
2443978 3.666174
2444868 3.682783
2445758 3.676038
2446648 3.688937
2447538 3.715887
2448428 3.669168
2449318 3.710384
2450208 3.672568
2451098 3.666611
2451988 3.679096
2452878 3.712599
2453768 3.664277
2454658 3.658667
2455548 3.672475
2456438 3.698632
2457328 3.683369
2458218 3.729963
2459108 3.695637
2459998 3.682601
2460888 3.682729
2461778 3.698736
2462668 3.663799
2463558 3.705887
2464448 3.712178
2465249 3.666284
2466228 3.703913
2467118 3.696077
2468008 3.680292
2468898 3.677893
2469788 3.680873
2470678 3.731260
2471568 3.690464
2472458 3.672809
2473259 3.728884
2474238 3.675892
2475128 3.735711
2476908 3.669479
2477798 3.696172
2478688 3.687995
2479578 3.713283
2480468 3.706911
2481358 3.713843
2482248 3.710641
2483138 3.734688
2484028 3.692090
2484918 3.665010
2485808 3.675906
2486698 3.727688
2487588 3.694756
2488478 3.732171
2489368 3.722718
2490258 3.724330
2491148 3.711479
2492038 3.659210
2492928 3.721685
2493818 3.678750
2494708 3.718115
2495598 3.719544
2496488 3.743278
2497378 3.682433
2498268 3.690926
2499158 3.715717
2500048 3.719975
2500938 3.731686
2501828 3.706016
2502718 3.731594
2503608 3.656548
2504498 3.705242
2505388 3.686759
2506278 3.688518
2507168 3.716393
2508058 3.702362
2508948 3.734065
2509838 3.734681
2510728 3.697938
2511618 3.712916
2512508 3.705115
2513398 3.726764
2514288 3.717579
2515178 3.723573
2516068 3.709770
2516958 3.702595
2517848 3.701335
2518738 3.744713
2519628 3.699429
2520518 3.693300
2521408 3.722068
2522298 3.750638
2523188 3.736859
2524078 3.713327
2524968 3.709484
2525858 3.719737
2526748 3.717665
2527638 3.741939
2528528 3.699373
2529418 3.683829
2530308 3.723814
2531198 3.740895
2532088 3.747490
2532978 3.724066
2533868 3.730675
2534758 3.725081
2535648 3.723288
2536538 3.713890
2537428 3.741714
2538318 3.743271
2539208 3.705353
2540098 3.700220
2540988 3.742312
2541878 3.707288
2542768 3.747945
2543658 3.728302
2544548 3.723292
2545349 3.725685
2546328 3.688945
2547218 3.744820
2548108 3.697845
2548998 3.715714
2549888 3.752249
2550778 3.697871
2551668 3.733487
2552558 3.715022
2553448 3.716687
2554338 3.697607
2555228 3.699732
2556118 3.673305
2557008 3.724551
2557898 3.724941
2558788 3.738738
2559678 3.739447
2560568 3.702907
2562348 3.723240
2563238 3.722025
2564128 3.727551
2565018 3.719417
2565908 3.699118
2566798 3.719378
2567688 3.701408
2568578 3.708617
2569468 3.738173
2570358 3.724616
2571248 3.754132
2572138 3.745512
2573028 3.707182
2573918 3.776943
2574808 3.905918
2575698 3.736119
2576588 3.723675
2577478 3.696740
2578368 3.642078
2579258 3.708599
2580148 3.699696
2581928 3.720082
2582818 3.686483
2583708 3.741558
2584598 3.714352
2585488 3.745292
2586378 3.746553
2587268 3.745812
2588158 3.712237
2589048 3.707191
2589938 3.703651
2590828 3.709696
2591718 3.728063
2592608 3.742767
2593498 3.724710
2594388 3.726510
2595278 3.745752
2596168 3.737557
2597058 3.706401
2597948 3.721196
2598838 3.686393
2599728 3.741719
2600618 3.743315
2601508 3.719783
2602398 3.723806
2603288 3.702206
2604178 3.738697
2605068 3.731853
2605958 3.751542
2606848 3.720054
2607738 3.750633
2608628 3.719567
2609518 3.761792
2610408 3.782047
2611298 3.723938
2612188 3.717243
2613078 3.740718
2613968 3.721049
2614858 3.737451
2615659 3.738897
2616638 3.722048
2617528 3.710154
2618418 3.736680
2620198 3.757470
2621088 3.780660
2621978 3.747532
2622868 3.714644
2623758 3.722218
2624648 3.756166
2625538 3.754979
2626428 3.700502
2627318 3.748759
2628208 3.747956
2629098 3.727985
2629988 3.734959
2630878 3.738780
2631768 3.766847
2632658 3.720621
2633548 3.738663
2634438 3.757047
2635328 3.741100
2636218 3.772029
2637108 3.764173
2637998 3.718126
2638888 3.738847
2639778 3.722031
2640668 3.741758
2641558 3.742049
2642448 3.748977
2643338 3.746550
2644228 3.754016
2646008 3.745262
2646898 3.762098
2647788 3.717168
2648678 3.789681
2649568 3.747497
2650458 3.774884
2651348 3.705846
2652238 3.734747
2653128 3.741278
2654018 3.759956
2654908 3.794310
2655798 3.771956
2656688 3.786025
2657578 3.751574
2658468 3.764749
2659358 3.764869
2660248 3.773621
2661138 3.780276
2662028 3.735250
2662918 3.758432
2663808 3.746749
2664698 3.755984
2665588 3.788591
2666478 3.781429
2667368 3.766881
2668258 3.742658
2669148 3.760354
2670038 3.767064
2670928 3.731934
2671818 3.767060
2672708 3.739611
2673598 3.761031
2674488 3.747698
2676268 3.776339
2677158 3.763743
2678048 3.715222
2678938 3.765598
2679828 3.766639
2680629 3.714552
2681608 3.774896
2682498 3.775050
2683388 3.748439
2684189 3.769683
2685168 3.771270
2686058 3.743719
2686948 3.766949
2687838 3.759747
2688728 3.756160
2689618 3.773507
2690508 3.740899
2691398 3.785590
2692288 3.776904
2693178 3.748364
2694068 3.784504
2694869 3.765587
2695848 3.759897
2696738 3.790968
2697628 3.782372
2698518 3.767496
2699408 3.733602
2700298 3.778874
2701188 3.752349
2702078 3.751653
2702968 3.733742
2703858 3.761614
2704748 3.782750
2705638 3.757538
2706528 3.799834
2707329 3.790011
2708308 3.732052
2709198 3.766578
2710088 3.787296
2710978 3.791718
2711868 3.771800
2712758 3.757337
2713648 3.802752
2714538 3.800706
2715428 3.762168
2716318 3.787718
2717208 3.782236
2718098 3.759993
2718988 3.763979
2719878 3.765069
2720679 3.753190
2721658 3.779741
2722548 3.822418
2723438 3.792628
2724328 3.739506
2725218 3.760852
2726108 3.796641
2726909 3.782844
2727888 3.823584
2728778 3.780940
2729668 3.739126
2730558 3.767685
2731448 3.772216
2732338 3.783987
2733228 3.759181
2734118 3.761907
2735008 3.794020
2735898 3.768840
2736788 3.732820
2737678 3.779247
2738568 3.796323
2739458 3.758449
2740348 3.790024
2741238 3.819504
2742128 3.769453
2743018 3.751219
2743908 3.796132
2744798 3.764657
2745688 3.765751
2746578 3.783406
2747468 3.775119
2748358 3.809279
2749248 3.784771
2750138 3.786438
2751028 3.828946
2751918 3.769760
2752808 3.799163
2754588 3.819700
2755478 3.769929
2756368 3.759023
2757258 3.791653
2758148 3.758004
2759928 3.757990
2760818 3.789480
2761708 3.772795
2762598 3.788453
2763488 3.753931
2764378 3.829269
2765268 3.808486
2766158 3.794910
2767048 3.768840
2767938 3.766042
2768828 3.772172
2769718 3.806604
2770608 3.812746
2771498 3.791798
2772388 3.812470
2773278 3.809454
2774168 3.804774
2775058 3.795358
2775948 3.810712
2776838 3.812057
2777728 3.765793
2778618 3.826092
2779508 3.801099
2780398 3.782440
2781288 3.757268
2782178 3.791718
2782979 3.788733
2783958 3.816395
2784848 3.794939
2785738 3.820071
2786628 3.764198
2787518 3.781182
2788408 3.808447
2789298 3.806520
2790188 3.782088
2791078 3.841620
2791968 3.805240
2792858 3.786098
2793748 3.744688
2794638 3.794017
2795528 3.792839
2796418 3.807956
2797308 3.789957
2798198 3.805992
2799088 3.785733
2799978 3.817248
2800868 3.780901
2801758 3.811897
2802648 3.775837
2803538 3.796638
2805318 3.787193
2806208 3.786901
2807098 3.810650
2807988 3.797691
2808878 3.808002
2809768 3.801023
2810658 3.800630
2811548 3.842060
2812438 3.826074
2813328 3.812875
2814218 3.796746
2815108 3.817844
2815998 3.845199
2816888 3.828531
2817778 3.804341
2818668 3.800325
2819558 3.786512
2820448 3.791598
2821338 3.806970
2822228 3.789378
2823118 3.814210
2824008 3.793688
2824898 3.797289
2825788 3.837435
2826678 3.809674
2827568 3.809027
2828458 3.844258
2829348 3.852802
2830238 3.806567
2831128 3.780996
2832018 3.822672
2832908 3.813107
2833798 3.819046
2834688 3.826666
2835578 3.830073
2836468 3.789805
2838248 3.808186
2839138 3.826288
2840028 3.928635
2840918 3.756710
2841808 3.773298
2842698 3.820823
2843588 3.765095
2844478 3.866400
2845368 3.843492
2846258 3.805456
2847148 3.817027
2848928 3.785718
2849818 3.788910
2850708 3.821657
2851598 3.816253
2852488 3.772171
2853378 3.784494
2854268 3.825014
2855158 3.823590
2856048 3.765679
2856938 3.823220
2857828 3.810423
2858718 3.765968
2859608 3.797639
2860409 3.801030
2861388 3.831674
2862278 3.787090
2863168 3.814802
2864058 3.829390
2864948 3.797122
2865838 3.812559
2866728 3.851300
2867618 3.832888
2869398 3.830265
2870288 3.817472
2871178 3.821262
2872958 3.797291
2873848 3.802322
2874738 3.809606
2875628 3.796999
2876518 3.822624
2877408 3.799664
2878298 3.821835
2879188 3.819351
2880078 3.828724
2880968 3.768586
2881858 3.814456
2882748 3.834017
2883638 3.800364
2884528 3.814588
2885418 3.823272
2886308 3.795168
2887198 3.790458
2888088 3.802111
2888978 3.835089
2889868 3.779291
2890758 3.836875
2891648 3.805796
2892538 3.822588
2893428 3.807082
2894318 3.814753
2895208 3.826944
2896098 3.824923
2896899 3.824088
2897789 3.818025
2898768 3.835210
2899658 3.842810
2900548 3.842504
2901438 3.815151
2902328 3.832880
2903218 3.822881
2904108 3.802090
2904909 3.847368
2905888 3.819772
2906689 3.771051
2907668 3.808011
2908558 3.813935
2909448 3.836765
2910338 3.797403
2911228 3.831892
2912118 3.807572
2912919 3.836111
2913898 3.818228
2914788 3.800525
2915678 3.836162
